10slayer:89.89415373562608
AmericanHussar:851.0035907154058
chibikitty:609.1255434294201
ColinJH:395.87523307198524
CyborgSteve:2123.4866368052044
GentileBanan:1000.4596734874837
Imperialpayload:800.0
Inugami:2673.1644454524226
SexiMexi247:1400.0
TrickLive:1400.0
Xerelic:1987.1383411435913
Kevalon:1521.294702363943
eledessil:1368.83448443422
maxorri:-73.6790814313342
Kreinash:2378.9587349433577
Ksiu:2300.0
Azaki:1132.492463249655
D3F3CTIVE:1803.2083386700665
Spaz:-111.18304469865947
YourLocalThiccBoi:500.3577420583681
PhantasticTigers:1036.2922388419904
StarRise:1435.3388823710372
Xlerate:1235.3388823710372
QuadNut420:399.04664352904683
Wilmeister:247.2009694315434
Second Shot:1751.9451312377892
HunterSquared:1138.2070131629766
oink oink:1249.8191631482512
RockTank10:1901.304961268307